[48;2;0;0;0m                                                     [m
[48;2;0;0;0m                                                     [m
[48;2;0;0;0m                      [38;2;162;113;9;48;2;139;95;11m▄[38;2;179;127;12;48;2;210;155;32m▄[48;2;0;0;0m                             [m
[48;2;0;0;0m                   [38;2;3;8;29;48;2;0;0;0m▄[38;2;1;8;29;48;2;1;5;20m▄[38;2;10;35;63;48;2;3;8;30m▄[38;2;12;37;66;48;2;0;4;24m▄[38;2;187;134;20;48;2;3;10;33m▄[38;2;13;37;67;48;2;13;39;69m▄[38;2;13;36;68;48;2;15;48;86m▄[38;2;188;134;21;48;2;0;1;2m▄[38;2;13;35;64;48;2;0;2;3m▄[38;2;11;33;63;48;2;0;0;0m▄[48;2;0;0;0m                        [m
[48;2;0;0;0m                 [38;2;1;7;28;48;2;0;0;0m▄[38;2;2;9;29;48;2;1;7;27m▄[38;2;221;128;0;48;2;1;8;29m▄[38;2;13;38;66;48;2;11;34;63m▄[38;2;11;36;65;48;2;11;36;66m▄[38;2;11;35;64;48;2;13;38;66m▄[38;2;11;37;65;48;2;12;36;65m▄[38;2;13;40;69;48;2;12;37;66m▄[38;2;12;39;67;48;2;12;38;66m▄[38;2;13;37;67;48;2;12;38;68m▄[38;2;14;37;66;48;2;12;38;67m▄[38;2;8;34;62;48;2;12;36;64m▄[38;2;9;31;59;48;2;10;32;59m▄[38;2;10;35;64;48;2;0;0;0m▄[48;2;0;0;0m                      [m
[48;2;0;0;0m                 [38;2;1;7;29;48;2;1;7;28m▄[38;2;174;100;4;48;2;2;8;29m▄[38;2;0;5;27;48;2;0;4;25m▄[38;2;11;34;63;48;2;10;36;65m▄[38;2;181;129;17;48;2;13;37;66m▄[38;2;13;34;63;48;2;13;39;69m▄[38;2;12;38;66;48;2;180;131;25m▄[38;2;13;37;68;48;2;13;38;67m▄[38;2;13;38;67;48;2;11;39;67m▄[38;2;12;38;66;48;2;13;38;69m▄[38;2;13;36;68;48;2;12;39;67m▄[38;2;13;36;65;48;2;12;37;63m▄[48;2;9;32;61m [38;2;10;34;62;48;2;8;30;58m▄[38;2;8;27;57;48;2;5;26;53m▄[48;2;0;0;0m                     [m
[48;2;0;0;0m                [38;2;2;8;29;48;2;2;8;28m▄[38;2;2;7;28;48;2;3;8;30m▄[38;2;2;8;28;48;2;2;8;30m▄[38;2;2;7;28;48;2;1;10;30m▄[38;2;133;90;5;48;2;10;36;66m▄[38;2;138;91;8;48;2;8;27;52m▄[38;2;139;92;8;48;2;0;9;31m▄[38;2;137;91;7;48;2;1;12;35m▄[38;2;137;91;4;48;2;2;12;35m▄[38;2;182;130;15;48;2;2;15;38m▄[38;2;179;128;12;48;2;1;14;38m▄[38;2;177;126;13;48;2;2;15;38m▄[38;2;177;126;15;48;2;163;123;38m▄[38;2;178;126;13;48;2;4;21;47m▄[38;2;183;132;16;48;2;4;20;45m▄[38;2;176;127;14;48;2;2;16;39m▄[38;2;174;122;11;48;2;5;21;46m▄[38;2;174;124;9;48;2;0;0;0m▄[48;2;0;0;0m                   [m
[48;2;0;0;0m               [38;2;0;1;0;48;2;145;99;9m▄[38;2;97;5;0;48;2;135;91;5m▄[38;2;98;6;0;48;2;136;90;5m▄[38;2;95;4;0;48;2;135;89;5m▄[38;2;101;6;0;48;2;136;91;7m▄[38;2;103;5;0;48;2;133;89;5m▄[38;2;105;6;0;48;2;135;91;7m▄[38;2;115;1;0;48;2;134;91;7m▄[38;2;53;1;0;48;2;134;90;6m▄[38;2;0;0;0;48;2;134;91;6m▄[38;2;185;98;21;48;2;121;79;4m▄[38;2;144;75;13;48;2;123;81;5m▄[38;2;170;90;17;48;2;125;84;6m▄[38;2;0;0;0;48;2;121;81;2m▄[38;2;0;0;0;48;2;123;81;5m▄[38;2;0;0;0;48;2;122;80;5m▄[38;2;170;104;6;48;2;125;83;5m▄[38;2;78;37;0;48;2;123;81;1m▄[38;2;0;0;0;48;2;118;78;3m▄[48;2;0;0;0m                   [m
[48;2;0;0;0m               [38;2;97;4;0;48;2;0;0;0m▄[38;2;101;5;0;48;2;88;0;2m▄[38;2;102;5;0;48;2;103;5;0m▄[38;2;104;5;0;48;2;103;6;0m▄[38;2;132;0;0;48;2;68;2;0m▄[38;2;144;16;1;48;2;114;7;0m▄[38;2;140;14;0;48;2;140;15;0m▄[38;2;18;0;0;48;2;44;0;0m▄[38;2;80;2;0;48;2;78;3;0m▄[48;2;0;0;0m [38;2;165;95;29;48;2;140;77;18m▄[38;2;170;100;33;48;2;134;72;13m▄[38;2;170;98;28;48;2;138;73;16m▄[38;2;0;0;0;48;2;142;77;19m▄[38;2;0;0;0;48;2;145;81;20m▄[48;2;0;0;0m [38;2;118;56;0;48;2;0;0;0m▄[38;2;200;138;57;48;2;104;56;0m▄[48;2;0;0;0m                    [m
[48;2;0;0;0m              [38;2;102;5;0;48;2;100;4;0m▄[38;2;105;7;0;48;2;103;4;0m▄[38;2;183;119;11;48;2;103;7;0m▄[38;2;82;3;0;48;2;105;7;0m▄[38;2;141;15;1;48;2;204;152;24m▄[38;2;140;14;0;48;2;142;15;0m▄[38;2;196;137;24;48;2;140;14;0m▄[38;2;140;14;0;48;2;139;14;0m▄[38;2;85;4;0;48;2;20;1;0m▄[38;2;82;2;0;48;2;78;3;0m▄[48;2;0;0;0m [38;2;167;95;31;48;2;164;94;29m▄[38;2;167;96;30;48;2;205;145;66m▄[38;2;199;139;58;48;2;201;142;62m▄[38;2;203;141;61;48;2;202;141;60m▄[38;2;202;139;58;48;2;170;99;33m▄[38;2;201;141;56;48;2;195;133;54m▄[38;2;174;101;34;48;2;202;140;57m▄[38;2;200;136;57;48;2;202;140;58m▄[38;2;202;138;57;48;2;200;139;58m▄[38;2;1;0;0;48;2;0;0;0m▄[48;2;0;0;0m                  [m
[48;2;0;0;0m             [38;2;103;6;0;48;2;0;0;0m▄[38;2;179;115;13;48;2;101;4;0m▄[38;2;100;4;0;48;2;103;6;0m▄[38;2;103;4;0;48;2;103;5;0m▄[38;2;141;14;0;48;2;72;1;0m▄[38;2;139;13;0;48;2;142;15;0m▄[38;2;210;176;31;48;2;142;15;0m▄[38;2;143;17;1;48;2;142;14;0m▄[38;2;142;14;0;48;2;143;15;0m▄[38;2;27;0;1;48;2;86;4;0m▄[48;2;81;2;0m [48;2;0;0;0m [38;2;114;54;0;48;2;191;111;42m▄[38;2;117;56;0;48;2;167;95;31m▄[38;2;169;96;32;48;2;166;95;30m▄[38;2;203;141;58;48;2;200;137;56m▄[38;2;129;66;4;48;2;202;139;58m▄[38;2;1;1;0;48;2;206;142;59m▄[38;2;0;0;0;48;2;195;119;37m▄[38;2;0;0;0;48;2;202;117;39m▄[38;2;0;0;0;48;2;203;116;39m▄[48;2;0;0;0m                   [m
[48;2;0;0;0m            [38;2;102;5;0;48;2;0;0;0m▄[38;2;106;13;0;48;2;102;7;0m▄[38;2;105;5;0;48;2;106;5;0m▄[38;2;96;4;0;48;2;104;6;0m▄[38;2;100;5;0;48;2;76;4;0m▄[38;2;142;15;0;48;2;140;14;0m▄▄[38;2;140;14;1;48;2;143;15;0m▄[38;2;178;94;16;48;2;140;15;0m▄[38;2;140;14;0;48;2;139;12;0m▄[48;2;0;0;0m [38;2;78;3;0;48;2;81;2;0m▄[48;2;0;0;0m [38;2;0;0;0;48;2;157;77;4m▄[38;2;62;31;1;48;2;122;61;1m▄[38;2;120;57;1;48;2;165;96;30m▄[38;2;0;0;0;48;2;199;136;55m▄[48;2;0;0;0m [38;2;38;19;0;48;2;0;0;0m▄[38;2;153;87;21;48;2;0;0;0m▄[38;2;145;79;17;48;2;0;0;0m▄[38;2;146;80;17;48;2;0;0;0m▄[48;2;0;0;0m                   [m
[48;2;0;0;0m           [38;2;98;4;0;48;2;101;6;0m▄[38;2;101;6;0;48;2;105;6;0m▄[38;2;103;7;0;48;2;102;5;0m▄[38;2;76;3;0;48;2;104;6;0m▄[38;2;129;12;0;48;2;76;2;0m▄[38;2;130;10;0;48;2;137;13;0m▄[38;2;140;16;0;48;2;141;14;0m▄[38;2;139;14;1;48;2;143;14;0m▄[38;2;133;4;0;48;2;141;14;0m▄[38;2;138;14;0;48;2;139;15;0m▄[38;2;142;14;0;48;2;139;13;0m▄[38;2;4;0;0;48;2;2;0;0m▄[38;2;73;4;1;48;2;73;2;0m▄[38;2;112;6;0;48;2;108;7;0m▄[48;2;0;0;0m    [38;2;98;46;0;48;2;112;54;0m▄[38;2;166;97;30;48;2;169;97;32m▄[38;2;0;0;0;48;2;170;101;34m▄[48;2;0;0;0m    [38;2;0;0;0;48;2;0;0;1m▄[48;2;0;0;0m                [m
[48;2;0;0;0m          [38;2;89;4;0;48;2;0;0;0m▄[38;2;87;2;0;48;2;0;0;0m▄[38;2;88;1;0;48;2;59;1;0m▄[38;2;91;3;0;48;2;64;1;0m▄[38;2;92;2;0;48;2;62;2;0m▄[38;2;91;4;0;48;2;48;0;0m▄[38;2;90;4;0;48;2;3;0;0m▄[38;2;0;0;0;48;2;75;7;0m▄[38;2;0;0;0;48;2;140;15;0m▄[38;2;0;0;0;48;2;138;14;0m▄[38;2;0;0;0;48;2;140;14;0m▄▄[38;2;0;0;0;48;2;47;2;0m▄[38;2;62;3;0;48;2;61;2;0m▄[38;2;55;3;0;48;2;62;2;0m▄[38;2;86;0;2;48;2;63;2;0m▄[38;2;99;5;0;48;2;0;0;0m▄[48;2;0;0;0m       [38;2;92;6;0;48;2;77;4;0m▄[48;2;0;0;0m                  [m
[48;2;0;0;0m        [38;2;107;7;0;48;2;0;0;0m▄[38;2;114;7;0;48;2;113;8;0m▄[38;2;168;89;12;48;2;120;9;0m▄[38;2;124;10;0;48;2;180;110;18m▄[38;2;125;9;0;48;2;123;9;1m▄[38;2;125;10;0;48;2;125;9;0m▄[38;2;134;21;2;48;2;128;11;0m▄[38;2;126;10;0;48;2;125;9;0m▄[38;2;127;9;0;48;2;89;4;0m▄[38;2;106;6;0;48;2;86;2;0m▄[38;2;104;6;0;48;2;0;0;0m▄[38;2;137;8;0;48;2;0;0;0m▄[38;2;9;0;0;48;2;62;2;0m▄[38;2;61;3;0;48;2;62;2;0m▄[38;2;60;2;0;48;2;61;1;0m▄[38;2;183;114;8;48;2;60;2;0m▄[38;2;60;3;0;48;2;62;4;2m▄[38;2;66;0;0;48;2;92;4;1m▄[38;2;99;5;0;48;2;98;5;0m▄[38;2;95;4;0;48;2;96;5;0m▄[38;2;101;4;0;48;2;0;0;0m▄[48;2;0;0;0m     [38;2;102;6;0;48;2;90;5;0m▄[48;2;0;0;0m [38;2;119;10;0;48;2;0;0;0m▄[38;2;85;57;7;48;2;0;0;0m▄[48;2;0;0;0m               [m
[48;2;0;0;0m       [38;2;111;7;0;48;2;111;8;0m▄[38;2;131;46;5;48;2;112;6;0m▄[38;2;114;8;0;48;2;115;7;0m▄[38;2;115;9;0;48;2;117;9;0m▄[38;2;119;9;0;48;2;123;9;0m▄[38;2;126;9;0;48;2;128;11;0m▄[38;2;127;11;0;48;2;191;132;19m▄[38;2;128;10;0;48;2;128;11;0m▄[38;2;129;11;0;48;2;126;10;0m▄[38;2;130;13;0;48;2;123;0;0m▄[38;2;131;12;0;48;2;130;12;0m▄[38;2;126;14;0;48;2;132;12;2m▄[38;2;0;0;0;48;2;151;10;0m▄[38;2;1;5;18;48;2;0;0;0m▄[48;2;0;0;0m [38;2;0;0;0;48;2;61;3;0m▄[38;2;62;2;0;48;2;60;1;0m▄[38;2;57;3;0;48;2;61;4;0m▄[48;2;56;1;0m [38;2;58;2;0;48;2;178;116;15m▄[38;2;99;7;0;48;2;99;5;0m▄[38;2;98;4;0;48;2;101;6;1m▄[38;2;99;5;0;48;2;100;6;0m▄[38;2;102;6;0;48;2;99;5;0m▄[38;2;98;0;0;48;2;103;7;0m▄[38;2;102;5;0;48;2;102;4;0m▄[38;2;156;20;0;48;2;151;19;0m▄[38;2;104;8;0;48;2;102;6;0m▄[48;2;0;0;0m [38;2;0;0;3;48;2;115;8;0m▄[38;2;117;9;0;48;2;118;10;0m▄[38;2;116;8;0;48;2;123;10;0m▄[38;2;119;6;0;48;2;0;0;0m▄[48;2;0;0;0m             [m
[48;2;0;0;0m     [38;2;95;5;0;48;2;0;0;0m▄[38;2;105;6;0;48;2;107;6;0m▄[38;2;108;7;0;48;2;110;8;0m▄[38;2;127;32;2;48;2;110;6;0m▄[38;2;113;10;3;48;2;113;7;0m▄[48;2;115;9;0m [38;2;184;116;19;48;2;117;7;0m▄[38;2;125;11;0;48;2;123;9;0m▄[38;2;123;8;0;48;2;124;10;0m▄[38;2;127;11;0;48;2;203;154;22m▄[38;2;126;10;0;48;2;129;12;0m▄[38;2;127;13;1;48;2;127;11;0m▄[48;2;0;0;0m [38;2;76;1;0;48;2;0;0;0m▄[38;2;0;2;8;48;2;0;0;3m▄[38;2;8;27;53;48;2;7;27;54m▄[38;2;8;27;55;48;2;8;29;57m▄[38;2;9;28;56;48;2;10;34;65m▄[38;2;8;28;54;48;2;0;0;0m▄[38;2;9;27;56;48;2;8;0;0m▄[38;2;0;7;17;48;2;0;0;0m▄[38;2;0;0;0;48;2;57;3;0m▄[38;2;0;0;0;48;2;54;2;0m▄[38;2;0;0;0;48;2;132;28;0m▄[38;2;0;0;0;48;2;98;4;0m▄[38;2;0;0;0;48;2;103;5;0m▄[38;2;0;0;0;48;2;104;6;0m▄[38;2;0;0;0;48;2;198;156;25m▄[38;2;0;1;0;48;2;162;23;2m▄[38;2;8;10;18;48;2;23;2;6m▄[38;2;180;124;19;48;2;4;7;16m▄[38;2;3;7;15;48;2;1;3;7m▄[48;2;0;0;0m [38;2;118;7;0;48;2;117;8;0m▄[38;2;115;6;0;48;2;130;5;1m▄[48;2;0;0;0m             [m
[48;2;0;0;0m     [38;2;0;0;0;48;2;93;2;0m▄[38;2;0;0;0;48;2;101;5;0m▄[38;2;0;0;0;48;2;103;6;0m▄[38;2;0;0;0;48;2;108;7;0m▄▄[38;2;0;0;0;48;2;108;8;0m▄[38;2;0;0;0;48;2;116;9;1m▄[38;2;0;0;0;48;2;126;8;0m▄[38;2;0;0;0;48;2;125;11;0m▄[38;2;0;0;0;48;2;126;11;0m▄[38;2;0;0;0;48;2;124;10;1m▄[48;2;0;0;0m [38;2;0;0;0;48;2;75;2;0m▄[38;2;0;0;0;48;2;75;4;0m▄[48;2;0;0;0m [38;2;0;0;0;48;2;7;26;55m▄[38;2;0;0;0;48;2;190;135;21m▄[38;2;0;0;0;48;2;9;31;57m▄[38;2;0;0;0;48;2;10;30;58m▄[38;2;0;0;0;48;2;187;129;21m▄[38;2;0;0;0;48;2;10;29;56m▄[38;2;0;0;0;48;2;8;30;56m▄[38;2;0;0;0;48;2;9;30;56m▄[38;2;0;0;0;48;2;237;164;9m▄[38;2;0;0;0;48;2;8;29;56m▄[38;2;0;0;0;48;2;8;31;58m▄[38;2;0;0;0;48;2;9;31;56m▄[38;2;0;0;0;48;2;196;141;26m▄[38;2;0;0;0;48;2;10;31;56m▄[38;2;0;0;0;48;2;9;30;58m▄[38;2;0;0;0;48;2;8;30;58m▄[38;2;0;0;0;48;2;10;30;57m▄[48;2;0;0;0m  [38;2;0;0;0;48;2;97;0;0m▄[38;2;0;0;0;48;2;154;20;0m▄[48;2;0;0;0m            [m
[48;2;0;0;0m     [38;2;190;159;12;48;2;0;0;0m▄[38;2;200;147;9;48;2;196;145;10m▄[38;2;198;148;13;48;2;205;152;11m▄[38;2;196;146;8;48;2;198;145;8m▄[38;2;195;145;12;48;2;198;147;8m▄[38;2;200;147;8;48;2;0;0;0m▄[48;2;0;0;0m [38;2;201;149;11;48;2;200;147;9m▄[38;2;200;146;10;48;2;199;146;11m▄[48;2;0;0;0m  [38;2;197;146;9;48;2;197;146;7m▄[48;2;0;0;0m [38;2;199;149;10;48;2;0;0;0m▄[38;2;199;148;9;48;2;200;149;9m▄[38;2;198;146;9;48;2;199;149;10m▄[38;2;192;143;9;48;2;199;148;9m▄[38;2;254;202;14;48;2;0;0;0m▄[38;2;200;150;12;48;2;200;147;10m▄[38;2;198;147;12;48;2;199;148;10m▄[38;2;201;150;8;48;2;199;148;9m▄[38;2;199;146;8;48;2;198;146;8m▄[38;2;195;143;13;48;2;196;144;7m▄[38;2;197;147;10;48;2;200;148;8m▄[48;2;0;0;0m [38;2;197;145;6;48;2;201;149;9m▄[38;2;198;148;8;48;2;199;147;13m▄[38;2;198;147;8;48;2;198;148;12m▄[38;2;199;152;13;48;2;198;148;12m▄[38;2;199;153;18;48;2;198;150;10m▄[48;2;0;0;0m [38;2;198;148;9;48;2;196;146;8m▄[38;2;195;147;8;48;2;203;151;12m▄[38;2;197;145;8;48;2;199;146;8m▄[38;2;197;143;8;48;2;199;148;10m▄[38;2;194;143;8;48;2;198;145;7m▄[48;2;0;0;0m [38;2;197;146;9;48;2;198;146;9m▄[38;2;197;144;9;48;2;198;145;9m▄[38;2;194;146;8;48;2;194;143;7m▄[38;2;194;143;7;48;2;197;145;8m▄[38;2;199;146;7;48;2;198;144;8m▄[38;2;196;144;6;48;2;0;0;0m▄[48;2;0;0;0m     [m
[48;2;0;0;0m     [38;2;188;151;8;48;2;189;152;9m▄[38;2;197;145;8;48;2;201;147;9m▄[48;2;0;0;0m     [38;2;199;144;7;48;2;197;146;8m▄[38;2;197;145;7;48;2;197;144;8m▄[38;2;200;147;9;48;2;0;0;0m▄[38;2;199;146;8;48;2;0;0;0m▄[38;2;198;149;11;48;2;198;146;9m▄[48;2;0;0;0m [38;2;198;148;8;48;2;198;146;9m▄[38;2;251;189;7;48;2;253;194;13m▄[48;2;0;0;0m [38;2;199;147;11;48;2;197;146;7m▄[38;2;254;198;11;48;2;253;197;11m▄[48;2;0;0;0m  [38;2;190;140;10;48;2;195;143;8m▄[38;2;197;146;8;48;2;196;146;8m▄[48;2;0;0;0m    [38;2;187;143;10;48;2;191;141;10m▄[38;2;198;147;10;48;2;199;146;8m▄[48;2;0;0;0m   [38;2;199;146;9;48;2;200;148;10m▄[38;2;198;144;6;48;2;0;0;0m▄[38;2;198;146;9;48;2;0;0;0m▄[38;2;200;149;10;48;2;0;0;0m▄[48;2;0;0;0m  [38;2;196;146;7;48;2;197;146;7m▄[38;2;196;145;8;48;2;0;0;0m▄[38;2;199;147;9;48;2;0;0;0m▄[38;2;199;148;8;48;2;0;0;0m▄[38;2;194;142;7;48;2;198;146;10m▄[38;2;195;143;9;48;2;197;145;9m▄[48;2;0;0;0m     [m
[48;2;0;0;0m     [38;2;188;150;9;48;2;187;152;9m▄[38;2;198;146;9;48;2;196;142;6m▄[48;2;0;0;0m   [38;2;185;135;11;48;2;0;0;0m▄[48;2;0;0;0m [38;2;199;149;9;48;2;199;146;10m▄[38;2;197;145;8;48;2;196;144;6m▄[38;2;0;0;0;48;2;245;188;8m▄[38;2;0;0;0;48;2;239;180;7m▄[38;2;198;147;10;48;2;195;144;8m▄[48;2;0;0;0m [38;2;198;145;8;48;2;199;145;10m▄[38;2;249;192;12;48;2;198;146;9m▄[38;2;1;0;0;48;2;199;147;9m▄[38;2;199;146;9;48;2;197;144;9m▄[38;2;251;194;10;48;2;248;194;13m▄[48;2;0;0;0m  [38;2;198;146;9;48;2;201;148;11m▄[38;2;197;146;8;48;2;201;150;11m▄[48;2;0;0;0m    [38;2;186;137;11;48;2;188;139;5m▄[38;2;197;145;8;48;2;198;146;8m▄[48;2;0;0;0m   [38;2;197;144;8;48;2;200;148;10m▄[38;2;0;0;0;48;2;238;178;8m▄[38;2;0;0;0;48;2;231;172;8m▄[38;2;0;0;0;48;2;235;174;9m▄[48;2;0;0;0m  [38;2;195;143;7;48;2;198;144;9m▄[38;2;0;0;0;48;2;244;187;12m▄[38;2;0;0;0;48;2;244;182;7m▄[38;2;0;0;0;48;2;243;183;9m▄[38;2;196;143;7;48;2;197;146;8m▄[38;2;195;143;8;48;2;1;1;0m▄[48;2;0;0;0m     [m
[48;2;0;0;0m     [38;2;0;0;0;48;2;189;146;9m▄[38;2;210;156;9;48;2;197;143;10m▄[38;2;216;160;7;48;2;199;144;8m▄[38;2;212;155;11;48;2;195;144;7m▄[38;2;209;156;9;48;2;196;144;7m▄[38;2;0;0;0;48;2;198;146;6m▄[48;2;0;0;0m [38;2;214;160;9;48;2;195;144;8m▄[38;2;214;159;7;48;2;197;144;9m▄[48;2;0;0;0m  [38;2;210;159;9;48;2;202;149;9m▄[48;2;0;0;0m [38;2;214;158;8;48;2;198;146;10m▄[38;2;251;204;14;48;2;249;188;10m▄[48;2;0;0;0m [38;2;214;157;10;48;2;195;145;8m▄[38;2;253;201;16;48;2;252;197;14m▄[48;2;0;0;0m  [38;2;218;160;6;48;2;193;142;11m▄[38;2;213;157;8;48;2;197;145;8m▄[48;2;0;0;0m    [38;2;207;151;4;48;2;192;138;9m▄[38;2;214;158;10;48;2;199;148;9m▄[48;2;0;0;0m   [38;2;197;146;10;48;2;199;147;9m▄[38;2;197;144;7;48;2;198;148;9m▄[38;2;198;148;8;48;2;196;145;8m▄[38;2;198;143;7;48;2;200;146;9m▄[38;2;197;146;7;48;2;195;143;7m▄[48;2;0;0;0m [38;2;210;155;9;48;2;195;142;6m▄[48;2;0;0;0m   [38;2;210;154;9;48;2;200;147;9m▄[38;2;207;151;6;48;2;197;144;8m▄[48;2;0;0;0m     [m
[48;2;0;0;0m                                                     [m
[48;2;0;0;0m                                                     [m
[48;2;0;0;0m                                                     [m
[48;2;0;0;0m                                                     [m
[49;38;2;0;0;0m▀▀▀▀▀▀▀▀▀▀▀▀▀▀▀▀▀▀▀▀▀▀▀▀▀▀▀▀▀▀▀▀▀▀▀▀▀▀▀▀▀▀▀▀▀▀▀▀▀▀▀▀▀[m
